date	total_pubs	total_cites	h_index	i10_index
2018-12-31		478		
2019-03-31		556		
2019-05-17	66	577		
2019-05-18	66	580		
2019-05-19	66	580		
2019-05-20	67	582		
2019-05-23	67	584		
2019-05-28	68	588		
2019-05-29	68	588		
2019-06-04	68	591		
2019-06-05	68	591		
2019-06-07	68	591		
2019-06-08	68	593		
2019-06-11	68	598		
2019-06-13	68	601		
2019-06-14	68	601		
2019-06-18	68	604		
2019-06-21	68	605		
2019-06-26	68	613		
2019-06-27	68	612		
2019-06-28	68	612		
2019-06-30	68	614		
2019-07-18	68	641		
2019-07-25	69	644		
2019-07-27	71	646		
2019-07-30	71	650		
2019-08-01	71	650		
2019-08-04	71	650		
2019-08-05	71	650		
2019-08-06	71	650		
2019-08-13	71	654		
2019-08-14	71	654		
2019-08-15	71	655		
2019-08-16	71	655		
2019-08-19	71	656		
2019-08-21	71	658		
2019-08-22	71	661		
2019-08-23	71	661		
2019-08-24	72	662		
2019-08-29	71	664		
2019-09-02	71	666		
2019-09-03	71	669		
2019-09-04	71	669		
2019-09-05	71	669		
2019-09-06	71	669		
2019-09-09	71	672		
2019-09-11	71	672		
2019-09-12	71	672		
2019-09-16	71	672		
2019-09-17	71	675		
2019-09-18	71	675		
2019-09-19	71	678		
2019-09-21	71	679		
2019-09-24	71	681		
2019-09-25	71	681		
2019-09-27	71	682		
2019-09-29	71	682		
2019-10-01	72	684		
2019-10-21	72	702		
2019-10-22	72	705		
2019-10-24	72	705		
2019-10-25	72	705		
2019-10-28	72	707		
2019-10-29	73	715		
2019-10-31	73	715		
2019-11-01	73	719		
2019-11-03	74	722		
2019-11-04	74	722		
2019-11-05	75	725		
2019-11-07	75	728		
2019-11-10	75	730		
2019-11-11	75	730		
2019-11-12	75	732		
2019-11-14	75	734		
2019-11-18	75	735		
2019-11-20	75	736		
2019-11-22	75	736		
2019-11-23	75	737		
2019-11-26	75	740		
2019-11-29	75	742		
2019-11-30	75	743		
2019-12-02	75	748		
2019-12-04	75	748		
2019-12-06	75	750		
2019-12-09	75	750		
2019-12-11	75	757		
2019-12-12	76	760		
2019-12-14	76	762		
2019-12-16	76	762		
2019-12-17	76	764		
2019-12-19	77	767		
2019-12-21	77	769		
2019-12-26	77	771		
2019-12-27	77	771		
2019-12-28	77	773		
2019-12-31	78	780		
2020-01-01	79	783		
2020-01-04	79	784		
2020-01-06	79	784		
2020-01-07	79	783		
2020-01-09	79	784		
2020-01-10	79	787		
2020-01-13	79	787		
2020-01-17	79	789		
2020-01-17	79	789		
2020-01-21	78	788		
2020-01-23	78	788		
2020-01-31	77	792		
2020-02-01	77	794		
2020-02-06	77	798		
2020-02-09	77	800		
2020-02-13	77	803		
2020-02-25	77	830		
2020-02-27	77	830		
2020-03-02	77	830		
2020-03-05	77	835		
2020-03-09	78	838		
2020-03-14	78	844		
2020-03-18	78	848		
2020-03-20	78	848		
2020-03-21	78	849		
2020-03-24	78	852		
2020-03-30	78	852		
2020-04-02	78	858		
2020-04-05	81	860		
2020-04-07	81	862		
2020-04-08	81	862		
2020-04-15	81	865		
2020-04-16	81	865		
2020-04-23	82	869		
2020-04-25	82	875		
2020-04-30	81	878		
2020-05-04	81	881		
2020-05-07	81	886		
2020-05-09	81	887
2020-05-15	82	904	15	31
2020-05-16	82	908	15	32
2020-05-23	82	912	15	32
2020-05-26	82	915	15	32
2020-05-28	82	918	15	32
2020-06-02	82	922	15	32
2020-06-04	82	923	15	32
2020-06-06	82	929	15	32
2020-06-08	82	940	15	32
2020-06-10	83	941	15	32
2020-06-14	83	941	15	32
2020-06-15	84	966	15	33
2020-06-17	84	966	15	33
2020-06-20	84	973	16	33
2020-06-22	84	973	16	33
2020-06-24	84	979	16	33
2020-06-26	85	983	16	33
2020-07-03	85	993	16	33
2020-07-07	86	996	16	33
2020-07-11	86	997	16	33
2020-07-16	86	1005	16	34
2020-07-28	86	1016	16	34
2020-07-29	86	1015	16	34
2020-08-01	93	1024	16	34
2020-08-17	94	1048	16	34
2020-08-24	94	1056	17	34
2020-08-25	94	1063	17	34
2020-08-27	94	1061	17	34
2020-08-31	102	1069	17	35
2020-09-01	102	1073	17	35
2020-09-05	102	1079	17	35
2020-09-08	103	1083	17	35
2020-09-12	104	1085	17	35
2020-09-14	104	1085	17	35
2020-09-17	104	1101	17	35
2020-09-19	104	1103	17	35
2020-09-22	104	1109	17	35
2020-09-24	104	1109	17	35
2020-09-26	104	1112	17	35
2020-10-04	104	1121	17	35
2020-10-06	104	1126	17	36
2020-10-14	104	1140	17	37
2020-10-17	104	1144	17	37
2020-10-20	104	1149	17	37
2020-10-24	104	1149	17	37
2020-10-28	104	1166	17	37
2020-10-29	107	1167	17	37
2020-11-01	108	1166	17	37
2020-11-02	109	1166	17	37
2020-11-03	109	1170	17	37
2020-11-06	109	1173	17	37
2020-11-08	109	1176	17	37
2020-11-10	109	1181	17	37
2020-11-13	109	1184	17	37
2020-11-14	109	1186	17	37
2020-11-17	109	1190	17	37
2020-11-22	109	1196	17	37
2020-11-24	109	1200	17	37
2020-11-28	110	1203	17	37
2020-12-08	111	1215	17	38
2020-12-13	111	1221	18	38
2020-12-16	111	1224	18	39
2020-12-18	111	1227	18	39
2020-12-31	111	1258	18	39
2021-01-08	111	1260	18	40
2021-01-12	111	1271	18	40
2021-01-14	111	1274	18	40
2021-01-25	111	1306	19	42
2021-01-26	111	1310	19	42
2021-01-28	111	1312	19	42
2021-01-29	112	1312	19	42
2021-02-06	112	1325	19	42
2021-02-10	112	1333	19	42
2021-02-24	112	1353	19	42
2021-03-14	113	1378	19	42
2021-03-23	113	1398	19	42
2021-03-30	113	1414	19	42
2021-04-09	114	1425	20	42
2021-04-13	114	1436	20	42
2021-04-21	114	1446	20	43
2021-04-21	114	1446	20	43
2021-04-24	115	1455	20	43
2021-04-27	115	1459	20	43
2021-05-04	115	1468	20	43
2021-05-10	115	1479	20	43
2021-05-15	115	1500	20	44
2021-05-21	115	1505	20	44
2021-05-27	115	1524	20	44
2021-06-01	115	1534	21	44
2021-06-15	115	1550	20	45
2021-06-25	115	1565	21	45
2021-07-07	115	1594	21	44
2021-07-22	117	1625	22	45
2021-07-29	118	1638	22	45
2021-08-05	118	1654	22	45
2021-08-09	118	1658	22	45
2021-09-13	119	1718	22	47
2021-09-20	119	1739	22	47
2021-09-29	119	1769	23	47
2021-10-19	121	1811	23	50
2021-10-19	121	1811	23	50
2021-10-26	121	1821	23	50
2021-11-01	126	1830	23	50
2021-11-05	126	1835	23	50
2021-11-16	126	1856	23	51
2021-11-17	126	1856	23	51
2021-11-18	126	1855	23	51
2021-11-30	126	1881	23	51
2021-12-03	126	1885	23	51
2021-12-03	125	1885	23	51
2021-12-14	126	1896	23	51
2021-12-16	126	1902	23	51
2021-12-27	137	1938	23	54
2022-01-19	137	1984	23	56
2022-01-21	137	1984	23	56
2022-01-21	137	1984	23	56
2022-01-21	137	1984	23	56
2022-01-24	137	1984	23	56
2022-01-26	137	1993	23	56
2022-02-07	137	2010	23	57
2022-02-11	137	2020	23	57
2022-02-14	137	2027	23	57
2022-02-22	137	2046	23	58
2022-03-03	137	2053	23	59
2022-03-28	137	2110	24	61
2022-03-28	137	2110	24	61
2022-06-28	145	2259
2022-09-28	150	2587
2022-12-28	160	2861
2023-03-28	166	3008
2023-06-28	172	3265
2023-09-28	177	3444
2023-12-28	182	3678
2024-03-21	185	3854	32	92
2024-03-22	185	3854	32	92
2024-03-22	185	3859	32	92
2024-03-22	185	3859	32	92
2024-06-30	191	4149	34	96
2024-07-02	191	4149	34	96
2024-09-30	199	4451	36	98
2024-11-07	201	4550	37	99
2024-12-03	205	4611	37	101
